nSubC = 256;
subC_conf = {(-121:-96), (-95:-70), (-68:-43), (-42:-17),...
    [-16:-4, 4:16], (17:42), (43:68), (70:95), (96:121)};
